# oST version 5.0 parameters


[image]

width
640

height
480

[narrow_stereo]

camera matrix
830.014466 0.000000 313.739593
0.000000 881.994484 166.432129
0.000000 0.000000 1.000000

distortion
0.172220 -0.592528 -0.020561 0.006541 0.000000

rectification
1.000000 0.000000 0.000000
0.000000 1.000000 0.000000
0.000000 0.000000 1.000000

projection
844.949463 0.000000 315.706389 0.000000
0.000000 888.113037 160.423337 0.000000
0.000000 0.000000 1.000000 0.000000

